0.58247178793
0.57630699873
0.577823996544
0.589885413647
0.595403254032
0.583024561405
0.585005283356
0.581562697887
0.577589154243
0.59041839838
0.573866069317
0.584336459637
0.573995709419
0.576420426369
0.570174694061
0.587286889553
0.592496037483
0.586534976959
0.581975579262
0.589222431183
0.593001842499
0.596293568611
0.582095623016
0.577200293541
0.582841277122
0.593987107277
0.573110163212
0.58568996191
0.590797066689
0.587358772755
0.594996392727
0.570579588413
0.586128354073
0.575113296509
0.580347418785
0.588498532772
0.581951022148
0.574443280697
0.590599060059
0.594104409218
0.584373474121
0.587332427502
0.58845192194
0.575720071793
0.569880485535
0.573492288589
0.586987257004
0.582108557224
0.589807331562
0.564662337303
0.589368402958
0.573374092579
0.583647668362
0.583005845547
0.581301212311
0.581628918648
0.580907940865
0.57417678833
0.577624082565
0.579846799374
0.594025731087
0.575979888439
0.585891008377
0.580780029297
0.563929378986
0.575833261013
0.588051557541
0.587718904018
0.560482561588
0.577878713608
0.585958480835
0.588602542877
0.573892533779
0.581333577633
0.578844547272
0.585714995861
0.57225894928
0.575798988342
0.57079321146
0.571677923203
0.576583266258
0.576805949211
0.583523452282
0.615877509117
0.57917457819
0.568259060383
0.578808069229
0.582406938076
0.587065935135
0.58483427763
0.588831067085
0.58925151825
0.568953871727
0.57942199707
0.576811850071
0.579390227795
0.564911544323
0.570187330246
0.591805994511
0.574825406075
0.592653393745
0.570421397686
0.580875813961
0.567640721798
0.586043119431
0.575865626335
0.571866989136
0.578135430813
0.585029006004
0.584998488426
0.587944447994
0.590869903564
0.580103039742
0.58620929718
0.594126522541
0.585279405117
0.577146530151
0.582285404205
0.588002920151
0.583842217922
0.570619463921
0.580873727798
0.592489242554
0.555438578129
0.578475117683
0.579514086246
0.578535497189
0.585540831089