0.264489769936
0.286368131638
0.147262379527
0.200302124023
0.157774284482
0.256266862154
0.17885401845
0.274927586317
0.161857202649
0.219783365726
0.1988838166
0.238010287285
0.254848331213
0.161284789443
0.179058670998
0.192474484444
0.222222074866
0.224527776241
0.282084107399
0.20144097507
0.203177332878
0.257236212492
0.191147714853
0.2031558007
0.177504256368
0.240172475576
0.190049767494
0.166037499905
0.318731844425
0.263765692711
0.177308008075
0.273939937353
0.23142182827
0.251613885164
0.215055778623
0.206579491496
0.251465320587
0.214906737208
0.224974632263
0.265802353621
0.261245936155
0.266883552074
0.207541882992
0.253610432148
0.259000688791
0.239334151149
0.200085416436
0.248778477311
0.259046822786
0.191041618586
0.198609292507
0.232457622886
0.188627690077
0.22270399332
0.230336219072
0.216508999467
0.25424066186
0.259547799826
0.231062591076
0.230610430241
0.225166514516
0.21213632822
0.204384669662
0.251659363508
0.267029225826
0.204435512424
0.176915302873
0.226886227727
0.239794075489
0.28390416503
0.225230634212
0.257201522589
0.224595531821
0.287210583687
0.208057150245
0.2133205235
0.202923744917
0.25601786375
0.223223507404
0.231374442577
0.264735132456
0.248830035329
0.208185270429
0.265135467052
0.245195642114
0.254458785057
0.247740328312
0.179561927915
0.258863270283
0.213707774878
0.251964151859
0.187011316419
0.190486967564
0.198031708598
0.253638029099
0.258267551661
0.254870265722
0.259676903486
0.209234595299
0.201907515526
0.137946709991
0.251892864704
0.251758575439
0.184293061495
0.197760224342
0.2473859936
0.252258867025
0.298524260521
0.212736427784
0.312360525131
0.20989921689
0.23058450222
0.253319144249
0.345652192831
0.254403978586
0.202359586954
0.185393854976
0.180041790009
0.22354003787
0.256792038679
0.257290005684
0.256313204765
0.25554934144
0.188635200262
0.246232241392
0.253707379103
0.232150584459
0.079725921154