0.214028507471
0.165242120624
0.254588663578
0.24093554914
0.261233538389
0.206822603941
0.258021980524
0.200278252363
0.164698332548
0.260218024254
0.232751592994
0.194087147713
0.244351714849
0.193578079343
0.273893624544
0.179598391056
0.256365567446
0.23712067306
0.193752557039
0.220216497779
0.213774695992
0.198988184333
0.239141464233
0.248431816697
0.234871447086
0.229641214013
0.281132847071
0.263242542744
0.252264231443
0.237683296204
0.23859269917
0.234387174249
0.276097416878
0.317562758923
0.278618425131
0.252977728844
0.239834338427
0.282442569733
0.243669614196
0.228408157825
0.246990188956
0.2744769454
0.297345489264
0.249687686563
0.241516068578
0.234874814749
0.242325022817
0.221288219094
0.238073691726
0.233312904835
0.298532873392
0.263780295849
0.264125078917
0.212396457791
0.262856185436
0.254138797522
0.377634078264
0.237836107612
0.185019001365
0.216355904937
0.224832326174
0.230467498302
0.241183072329
0.202526420355
0.22508212924
0.23894892633
0.279764145613
0.161700740457
0.200583994389
0.249903321266
0.203387409449
0.209889113903
0.244702383876
0.227993190289
0.220302551985
0.192701295018
0.240292951465
0.203372970223
0.222220629454
0.266348481178
0.130333021283
0.240560919046
0.145354583859
0.252261519432
0.266280770302
0.203659310937
0.240074068308
0.231182858348
0.259426474571
0.224890485406
0.17449401319
0.18021684885
0.24105592072
0.243561476469
0.222136110067
0.173998832703
0.232365325093
0.257105350494
0.241561695933
0.282944202423
0.244440168142
0.267265588045
0.224766910076
0.228008463979
0.178993344307
0.189681217074
0.256690740585
0.231387481093
0.252046883106
0.211048871279
0.271535009146
0.25719717145
0.241903364658
0.273975282907
0.340732485056
0.203380256891
0.191202178597
0.252352356911
0.27356210351
0.240819618106
0.077743023634
0.264137595892
0.237489268184
0.200453683734
0.345221281052
0.258508116007
0.284029871225
0.188754439354
0.265726566315
0.235114097595
0.212098285556
0.27967184782
0.251721143723
0.2797524333
0.233859628439
0.212904900312
0.2102958709
0.176214709878
0.230321601033
0.261051863432
0.256674855947
0.23172621429
0.265932768583
0.260943353176
0.255894839764
0.209743738174
0.255445808172
0.24424174428
0.161837041378
0.251189380884
0.293442130089
0.234076425433
0.309599608183
0.267711758614
0.202285274863
0.23355537653
0.234666481614
0.230999618769
0.225437939167
0.262882888317
0.218672782183
0.233021646738
0.304667085409
0.213873803616
0.280154407024
0.184795513749
0.273803204298
0.193767800927
0.241159379482
0.182196468115
0.19531904161
0.188885509968
0.21890462935
0.252199649811
0.233040779829
0.230918645859
0.20157186687
0.280918121338
0.229829609394
0.219822794199
0.248513936996
0.184587866068
0.194055691361
0.241935744882
0.248458087444
0.270677417517
0.189971134067
0.255116224289
0.262109011412
0.16874872148
0.228264003992
0.18748486042
0.239439696074
0.250589966774
0.201120406389
0.203109562397
0.192206695676
0.236539795995
0.243289276958
0.268744766712
0.297222524881
0.245436355472
0.239311665297
0.267452985048
0.156864136457
0.265905022621
0.278594970703
0.234871998429
0.268455892801
0.200270727277
0.216668412089
0.252183377743
0.205076560378
0.195826500654
0.320423424244
0.146676033735
0.222958296537
0.329827785492
0.142298147082
0.275319963694
0.322179973125
0.259391963482
0.294069379568
0.337284088135
0.237741202116
0.211468324065
0.236721679568
0.184881597757
0.241144478321
0.281835407019
0.269202113152
0.219200521708
0.261670470238
0.246371880174
0.204606473446
0.242017120123
0.284908443689
0.184995859861
0.207865744829
0.207557916641
0.238504990935
0.159832954407
0.231274247169
0.264955461025
0.242361724377
0.244891598821
0.236546456814
0.233943998814
0.249698549509
0.17942276597
0.331258803606
0.196197316051
0.262665748596
0.250740617514
0.218155786395
0.246799081564