0.268649250269
0.263295352459
0.255526810884
0.246617883444
0.241502508521
0.222547933459
0.243606835604
0.243818685412
0.199947878718
0.259500652552
0.254153907299
0.24408505857
0.230613335967
0.243585050106
0.229559853673
0.290495157242
0.205267831683
0.233033522964
0.255425512791
0.232413709164
0.24387024343
0.287807673216
0.265231758356
0.225564360619
0.248253285885
0.220946803689
0.262772142887
0.263236522675
0.262401461601
0.290585398674
0.235777854919
0.257258087397
0.193855062127
0.240080967546
0.242097973824
0.242566332221
0.235245108604
0.255992352962
0.365815281868
0.226413115859
0.28857204318
0.267913907766
0.259195059538
0.254414737225
0.245783731341
0.198488682508
0.284894526005
0.293091624975
0.242329373956
0.229835316539
0.236513972282
0.229080587626
0.259862452745
0.259198188782
0.239247754216
0.266909152269
0.240872770548
0.202807098627
0.294776260853
0.241173997521
0.236681371927
0.237099379301
0.235244318843
0.247037008405
0.238698005676
0.294313341379
0.297717511654
0.24821716547
0.252496570349
0.224021434784
0.237133666873
0.221492722631
0.260204076767
0.255598694086
0.294449388981
0.260508716106
0.24409148097
0.246708095074
0.269283980131
0.303885251284
0.209779649973
0.256668627262
0.21992585063
0.26781925559
0.202901944518
0.273398935795
0.239484682679
0.242755755782
0.248053267598
0.233708098531
0.274871617556
0.245081454515
0.300348550081
0.199317798018
0.256103366613
0.221760541201
0.228361710906
0.254346221685
0.213140726089
0.312086731195
0.241076350212
0.254784852266
0.272501826286
0.257526963949
0.254501879215
0.283185511827
0.198364421725
0.255508959293
0.28233769536
0.252877414227
0.238117232919
0.241933271289
0.245374202728
0.23159365356
0.24803738296
0.222038388252
0.237035468221
0.254237085581
0.226966753602
0.291584938765
0.289007991552
0.244462370872
0.238360136747
0.248898208141
0.247767612338
0.25332197547
0.248771563172
0.223462507129