0.00
0.00
0.00
0.00
0.00
0.00
0.00
0.00
0.00
0.00
0.00
10.12
0.00
0.00
0.00
0.00
0.00
0.00
15.74
8.64
0.00
0.47
4.86
0.00
0.00
0.00
0.00
12.05
0.00
8.64
0.00
8.17
0.00
0.00
0.00
0.00
0.00
0.00
0.00
0.00
0.00
0.97
0.78
0.00
0.00
0.00
0.00
11.08
2.98
7.57
0.00
0.00
6.03
11.09
0.00
1.55
0.00
5.99
0.00
0.00
1.47
6.83
0.00
0.00
0.00
0.00
0.00
0.00
0.00
0.00
0.00
0.00
0.00
3.29
0.00
6.07
0.00
0.00
0.00
0.19
0.06
0.00
0.00
0.00
0.00
0.09
0.00
0.00
0.00
1.70
0.00
0.16
0.00
0.00
0.81
0.00
0.00
13.69
0.00
0.00
0.00
0.00
0.00
0.00
0.00
0.00
0.00
0.00
0.00
0.00
0.00
0.00
1.31
3.03
3.00
0.00
0.00
0.00
0.00
0.00
0.00
0.00
0.00
0.00
0.00
0.00
1.82
0.00
0.00
12.10
0.00
0.00
0.00
0.00
0.00
13.04
0.00
0.00
0.00
0.00
1.40
0.00
2.00
0.00
0.00
0.00
0.51
0.00
6.41
1.44
4.56
0.00
5.35
0.00
0.74
0.00
0.00
0.00
8.12
0.66
0.00
5.12
0.00
0.00
3.13
0.06
0.00
0.00
0.00
0.00
0.00
0.00
0.00
0.00
0.00
0.00
0.00
0.00
0.00
0.00
0.00
0.00
3.73
0.00
0.91
0.00
0.00
0.06
3.80
0.00
0.00
0.00
0.00
0.00
0.00
0.00
0.00
0.00
0.00
0.00
9.82
0.00
0.00
0.00
0.00
0.00
0.00
0.05
0.00
0.00
0.00
0.00
0.00
0.00
0.00
0.00
4.17
0.00
0.00
4.28
0.00
0.00
0.00
7.80
0.00
0.00
0.00
0.00
0.00
0.00
1.88
0.00
0.00
2.61
0.00
0.00
0.00
0.00
5.43
0.00
0.71
0.00
0.00
0.00
0.00
0.00
0.00
0.00
0.00
0.00
0.00
0.00
0.00
9.64
0.00
0.26