0.578942
0.642896
0.596552
0.573165
0.651757
0.543547
0.575836
0.599598
0.545736
0.592945
0.578149
0.600370
0.592813
0.601116
0.594138
0.604476
0.585929
0.624939
0.585480
0.583244
0.601835
0.607023
0.607963
0.586931
0.597677
0.600135
0.597421
0.573977
0.610854
0.590999
0.546119
0.591184
0.585457
0.589938
0.581022
0.563455
0.603688
0.572626
0.595968
0.571212
0.586581
0.610206
0.578585
0.602027
0.588771
0.593309
0.581571
0.581310
0.612125
0.592927
0.522045
0.598364
0.583668
0.596387
0.608621
0.574605
0.579193
0.585799
0.596126
0.565323
0.604885
0.628794
0.659051
0.570965
0.591779
0.599858
0.628890
0.596271
0.604391
0.610101
0.594316
0.574596
0.582104
0.592329
0.592051
0.598653
0.609572
0.601802
0.565077
0.579142
0.581800
0.611178
0.580898
0.587307
0.564124
0.606765
0.579292
0.599955
0.590650
0.587077
0.585141
0.574547
0.610383
0.603045
0.586072
0.611822
0.585028
0.595781
0.606085
0.602827
0.571980
0.569661
0.582379
0.608004
0.586664
0.585792
0.611654
0.589570
0.585991
0.572057
0.571184
0.598461
0.578571
0.622209
0.586686
0.583071
0.616700
0.614294
0.594629
0.600218
0.595561
0.581761
0.617742
0.580614
0.575882
0.589774
0.583314
0.563249
