0.860668778419
0.863090634346
0.848192155361
0.854004740715
0.870009660721
0.853919029236
0.850949347019
0.85502243042
0.853965044022
0.860404968262
0.860139608383
0.853940248489
0.854331493378
0.859744548798
0.851517558098
0.853673040867
0.852969646454
0.85502821207
0.85404497385
0.859882712364
0.856109380722
0.850335299969
0.861235737801
0.852136492729
0.861895680428
0.855590879917
0.860023498535
0.854360878468
0.855634748936
0.852384984493
0.84850692749
0.856765985489
0.858243882656
0.852857172489
0.856835961342
0.851154327393
0.853665053844
0.8574462533
0.853574514389
0.853361546993
0.857446014881
0.851330697536
0.858866095543
0.853080809116
0.85183519125
0.855744600296
0.856923341751
0.856858372688
0.853838324547
0.85577505827
0.854216098785
0.850354552269
0.857113540173
0.854898333549
0.851737976074
0.854841768742
0.857350051403
0.855039298534
0.854306638241
0.8527957201
0.854451477528
0.856394231319
0.854534804821
0.858092546463
0.856784701347
0.859047353268
0.856441795826
0.859206914902
0.855410039425
0.85789501667
0.849406599998
0.853690207005
0.8551607728
0.852899968624
0.856484591961
0.84568053484
0.858101546764
0.857683062553
0.855376601219
0.854570090771
0.852484405041
0.849952101707
0.858883023262
0.865145266056
0.849844098091
0.849883615971
0.856470227242
0.852409899235
0.851736366749
0.852824449539
0.851956725121
0.853873133659
0.855421066284
0.854712247849
0.853367388248
0.853258371353
0.858127832413
0.858050107956
0.85798317194
0.855920493603
0.855439603329
0.856718420982
0.853893280029
0.858137011528
0.847128272057
0.852053880692
0.859859228134
0.847590923309
0.851183891296
0.856119215488
0.852241814137
0.851929605007
0.86366635561
0.853690505028
0.849361181259
0.8543587327
0.855281770229
0.853135704994
0.854526877403
0.853487074375
0.858134508133
0.850093841553
0.854120016098
0.855089664459
0.853381335735
0.851776957512
0.854842603207
0.851087272167