0.40943145752
0.395728826523
0.260615974665
0.345924317837
0.337275981903
0.420789808035
0.314834624529
0.422926783562
0.380641072989
0.36401501298
0.343635559082
0.380483031273
0.417163342237
0.268458008766
0.323460012674
0.343420296907
0.363641649485
0.369519799948
0.457692086697
0.342184245586
0.371672362089
0.394263505936
0.335470080376
0.339107364416
0.356403887272
0.374213159084
0.35175126791
0.278190910816
0.408205956221
0.412370115519
0.301488012075
0.398280024529
0.397197157145
0.408386647701
0.369561433792
0.360591977835
0.40581586957
0.417626053095
0.397514283657
0.39963337779
0.383077979088
0.395577520132
0.36707675457
0.408697366714
0.4111353755
0.368612319231
0.342382252216
0.385024964809
0.420671135187
0.330019205809
0.340851277113
0.383014023304
0.329062312841
0.3623277843
0.355430305004
0.377917736769
0.41024556756
0.354548275471
0.371086806059
0.397197395563
0.374858319759
0.361034482718
0.39135915041
0.405407726765
0.447012841702
0.325726211071
0.316435873508
0.386297017336
0.373016059399
0.467125356197
0.362816721201
0.413211196661
0.35686647892
0.395344436169
0.377401292324
0.3448536098
0.354551285505
0.420765131712
0.3683565557
0.389180779457
0.44806972146
0.396263748407
0.342124313116
0.420237272978
0.393294423819
0.408406049013
0.420013993979
0.31834295392
0.416082471609
0.354860067368
0.405224502087
0.327114850283
0.351342350245
0.338887840509
0.413237899542
0.413156300783
0.41710460186
0.385200679302
0.382117092609
0.398578375578
0.31723344326
0.410229206085
0.409020394087
0.322778314352
0.356522381306
0.391981035471
0.400344520807
0.401718735695
0.351597607136
0.397937119007
0.344937294722
0.367760956287
0.407829940319
0.537968933582
0.415537923574
0.347100675106
0.325320452452
0.324710637331
0.41378891468
0.412844836712
0.422593027353
0.421855509281
0.420031517744
0.324508339167
0.3918402493
0.415055423975
0.397646188736
0.236818954349