0.361036330462
0.291001021862
0.415045231581
0.391908735037
0.422931075096
0.352233737707
0.418247669935
0.341369092464
0.295770049095
0.460521817207
0.390893757343
0.326994478703
0.397405028343
0.326261252165
0.448173761368
0.319595456123
0.420013666153
0.394629597664
0.324302136898
0.363435894251
0.373677104712
0.340796530247
0.392716020346
0.442374020815
0.383131891489
0.395540952682
0.458054602146
0.426711052656
0.409657031298
0.398597121239
0.386382937431
0.38765335083
0.465155154467
0.539502084255
0.444987714291
0.418877750635
0.391581892967
0.465736687183
0.414608001709
0.39053991437
0.398285031319
0.440305322409
0.503646790981
0.411119520664
0.393110573292
0.422648966312
0.403788298368
0.363247126341
0.391764104366
0.382164686918
0.483080625534
0.445105284452
0.427597612143
0.360316723585
0.422425091267
0.41018307209
0.619955480099
0.429024159908
0.311396628618
0.368293017149
0.377320200205
0.377640277147
0.391313046217
0.35246348381
0.371291458607
0.395846843719
0.482985347509
0.289300501347
0.334366083145
0.425931453705
0.346457272768
0.364808946848
0.395616263151
0.37447822094
0.370586037636
0.336313962936
0.427534967661
0.339081287384
0.366353064775
0.440565317869
0.281593292952
0.388715207577
0.271444886923
0.412709861994
0.446748524904
0.338524848223
0.395065546036
0.379418373108
0.420274078846
0.372469335794
0.308677911758
0.31380957365
0.397537887096
0.408699423075
0.368188530207
0.308742552996
0.384512364864
0.429729729891
0.399016141891
0.466985017061
0.39945602417
0.447442561388
0.370278209448
0.386385500431
0.30808031559
0.324624866247
0.418261915445
0.384284645319
0.412778675556
0.358373522758
0.47375780344
0.420919597149
0.393207877874
0.440254181623
0.572887003422
0.339490950108
0.331679463387
0.41927716136
0.451621085405
0.393850684166
0.241795673966
0.465405970812
0.395739138126
0.342258483171
0.560089290142
0.423823148012
0.490658253431
0.317170411348
0.472498446703
0.386560767889
0.352705985308
0.455256581306
0.405932813883
0.463294148445
0.38414233923
0.354024410248
0.353063821793
0.313443481922
0.378261715174
0.424836188555
0.45392921567
0.379288911819
0.429746896029
0.423372209072
0.414655148983
0.358458518982
0.418381124735
0.399308562279
0.289915800095
0.405668377876
0.481488883495
0.410377651453
0.528405189514
0.463528633118
0.340108990669
0.38650906086
0.41190096736
0.376461595297
0.374997258186
0.425476253033
0.375235378742
0.382914304733
0.492597073317
0.356957525015
0.454329013824
0.341572761536
0.444395303726
0.336385816336
0.392415493727
0.312348723412
0.32947203517
0.328656822443
0.363102525473
0.408484727144
0.409513622522
0.391339063644
0.342008829117
0.470599770546
0.38025444746
0.363719165325
0.403993427753
0.319169819355
0.335340023041
0.421764284372
0.425089389086
0.438795387745
0.322521060705
0.413781434298
0.424591720104
0.296596229076
0.40188780427
0.314909279346
0.395942360163
0.403386980295
0.339175373316
0.347311913967
0.325486332178
0.385777741671
0.399833083153
0.450684547424
0.498979508877
0.40456071496
0.392868518829
0.431404799223
0.293055981398
0.469319909811
0.462944686413
0.379154920578
0.436118274927
0.339800447226
0.364358603954
0.411780178547
0.345403432846
0.331939607859
0.530171394348
0.276012271643
0.365485548973
0.555342912674
0.266372948885
0.463949739933
0.549592375755
0.43433406949
0.516287446022
0.557374417782
0.389582693577
0.352060496807
0.386804074049
0.317944526672
0.393505781889
0.457454353571
0.448915332556
0.360492497683
0.458955734968
0.406674444675
0.341061979532
0.391959190369
0.473639249802
0.314199119806
0.352230101824
0.346823185682
0.39145553112
0.283301800489
0.378945201635
0.439640581608
0.393442302942
0.436766833067
0.386591970921
0.419521510601
0.402393519878
0.330566048622
0.567815601826
0.327536404133
0.432357609272
0.40473857522
0.357886791229
0.398563951254