0.386045962572
0.376975446939
0.364085048437
0.361480295658
0.357314765453
0.347425192595
0.356954425573
0.357568979263
0.338266700506
0.379196852446
0.372577637434
0.359764695168
0.350529670715
0.360603362322
0.342105567455
0.41133955121
0.28644874692
0.349797517061
0.375604361296
0.34623131156
0.365256071091
0.416297405958
0.385630607605
0.353968471289
0.378109693527
0.341244012117
0.383808106184
0.376591533422
0.382943928242
0.4146925807
0.350390911102
0.373901635408
0.256049394608
0.348668932915
0.382723629475
0.347997188568
0.34752458334
0.376485109329
0.484783649445
0.352243870497
0.411443889141
0.379936397076
0.379124104977
0.368928819895
0.356750845909
0.333623379469
0.408577144146
0.421884864569
0.351783752441
0.350023895502
0.358037054539
0.343144088984
0.380410969257
0.379507184029
0.35199084878
0.392282396555
0.35360622406
0.328784197569
0.425151884556
0.349049508572
0.347079902887
0.352138608694
0.347365021706
0.360961824656
0.343685090542
0.416952699423
0.420453578234
0.36376234889
0.364608824253
0.335691899061
0.348926544189
0.347005963326
0.367144048214
0.371911227703
0.419353097677
0.375132411718
0.354567676783
0.359011858702
0.388814628124
0.431863844395
0.343621969223
0.371194452047
0.336135745049
0.381758958101
0.334465146065
0.397620886564
0.351132690907
0.352076858282
0.362548410892
0.35230371356
0.399717450142
0.355020344257
0.427181571722
0.323244184256
0.368161052465
0.349273204803
0.351061344147
0.373988956213
0.330738306046
0.437102556229
0.347523540258
0.369048029184
0.394820004702
0.376479119062
0.368614524603
0.411808758974
0.333576261997
0.372127771378
0.407710403204
0.381896346807
0.351676672697
0.351217657328
0.362699389458
0.344550460577
0.361865580082
0.338545024395
0.345303624868
0.376713752747
0.354269325733
0.414811044931
0.412629634142
0.360159009695
0.350097894669
0.367327898741
0.361536622047
0.371052980423
0.362438857555
0.345491051674