0.96402913332
0.936942219734
0.97010499239
0.936801493168
0.919822156429
0.9489569664
0.93901848793
0.918522357941
0.944287180901
0.914478540421
0.904567241669
0.927501797676
0.933651030064
0.948640942574
1.05735087395
0.960155308247
0.937244355679
1.00021398067
1.06461751461
0.932916224003
0.933963894844
0.943318724632
0.934293448925
0.924188435078
0.925142765045
0.961442649364
0.952576458454
0.930722892284
1.08688616753
0.942795813084
0.92663359642
1.18369448185
0.937999069691
0.940380930901
1.01014494896
0.947290658951
0.898486673832
0.935771226883
0.941163480282
0.928263485432
0.900276839733
0.937657415867
0.944816708565
0.940767109394
0.932592570782
0.968066394329
0.942414939404
1.00987827778
0.967521727085
0.95390689373
1.09112989902
0.951592326164
1.23702681065
1.00910162926
0.941794276237
0.915699720383
0.94064873457
0.936866402626
0.944933772087
1.04524064064
0.956439554691
0.994061648846
0.9539026618
1.09241831303
0.932847380638
0.942553520203
1.05606210232
0.949944794178
1.01850390434
1.02449822426
0.931212961674
0.882629513741
0.928690731525
1.02399551868
0.937427759171
0.924728095531
0.936333060265
0.943688750267
0.940578460693
0.94432914257
0.950811862946
0.952102303505
0.925072669983
0.946040213108
0.955423653126
0.941624939442
1.05073964596
0.93542432785
0.966041982174
0.964827060699
0.936203181744
1.15060675144
0.996923625469
0.947037041187
0.955671966076
1.01773798466
0.967411458492
0.847897291183
1.27740478516
1.00290942192
0.930896162987
0.933218896389
0.951266884804
0.930791199207
0.946436345577
0.939434707165
1.0322009325
0.937959551811
0.966556966305
0.93704366684
0.946418583393
0.955089628696
0.94934117794
0.959562838078
0.865064799786
0.939220607281
1.05759263039
0.924105346203
1.05109989643
0.945484817028
0.940614879131
0.93985503912
0.872475981712
1.00877952576
1.04051196575
0.944971144199
0.944996953011
0.948249101639