0.910133302212
0.91922390461
1.08198177814
1.09801018238
0.866498887539
1.07085049152
0.960675656796
0.831708490849
0.91731262207
1.16077709198
1.04483318329
0.995612621307
1.01448953152
0.881300806999
0.883737742901
0.977341473103
0.917958438396
0.922093808651
0.848368525505
0.918002426624
0.987247049809
0.86991083622
0.887143135071
0.798588275909
0.919669389725
0.919762253761
0.888228654861
0.870034277439
0.87243282795
0.88022172451
0.924553751945
0.874224960804
0.994801223278
0.93602180481
0.895072162151
0.865978300571
0.96466833353
0.966589510441
0.86749458313
0.924177110195
0.915863990784
0.917793393135
0.868964076042
0.975668370724
0.942960143089
0.918861031532
0.914651095867
0.802731812
0.628697633743
0.918354988098
0.918022632599
0.854557693005
0.944593667984
0.918094992638
0.867622792721
0.859655737877
0.915867805481
0.918537735939
0.917314529419
0.976933240891
1.01367425919
0.953314244747
0.962215423584
1.01692962646
0.916819274426
0.917943716049
0.917007744312
0.991126894951
1.01246583462
0.917486011982
1.04751169682
0.918169498444
0.874456584454
0.925073266029
0.917998313904
1.00039875507
0.917811095715
1.03513228893
0.873128056526
0.91837143898
0.918996214867
0.919895112514
0.886771976948
0.9273416996
0.993449449539
0.927301704884
0.921503901482
0.917236208916
0.918191254139
0.91704005003
1.00284385681
1.21335721016
0.918440937996
1.05139005184
0.921527087688
0.881367146969
1.1403580904
0.884612262249
0.917972326279
0.917850375175
0.888274729252
1.01325929165
0.918162286282
0.918822407722
0.917923688889
0.949872493744
0.837402105331
0.926719367504
0.881214857101
0.88544011116
0.916996717453
0.919780492783
0.881756722927
0.920645177364
0.886921525002
1.03932988644
0.917879939079
0.920378386974
0.865130841732
0.974718749523
1.07188379765
0.930577874184
1.01007199287
0.916790485382
0.874847173691
0.917943954468
0.89950722456
1.09279155731