0.980549514294
0.987219214439
0.969350993633
0.970429122448
0.975936174393
0.969893872738
0.98037737608
0.931629836559
0.977950394154
0.961791574955
0.970042586327
0.986512601376
0.929821193218
0.97520929575
0.982545256615
0.952287256718
0.9625852108
0.982893109322
0.974213778973
0.967036187649
0.981100380421
0.977787137032
0.982698202133
0.976799368858
0.98708319664
0.987193524837
0.974503993988
0.977237939835
0.963686823845
0.975651144981
0.982931137085
0.985762476921
0.928754866123
0.978644728661
0.962835013866
0.972850799561
0.977175712585
0.976964890957
0.939018130302
0.976628363132
0.968304991722
0.975704550743
0.974963128567
0.972378432751
0.961571633816
0.968673288822
0.970579266548
0.971739530563
0.97850471735
0.980828404427
0.934795677662
0.941028237343
0.94989579916
0.973308205605
0.978600144386
0.974597275257
0.972461402416
0.968472599983
0.970700979233
0.96229249239
0.986181139946
0.967555642128
0.990836620331
0.978280365467
0.942364513874
0.975599825382
0.967402219772
0.983301401138
0.97428047657
0.9803647995
0.969191193581
0.97136837244
0.975690543652
0.977420508862
0.971269369125
0.976696014404
0.950521707535
0.980228424072
0.97399020195
0.983691811562
0.97882348299
0.973492443562
0.96921390295
0.987352132797
0.970190107822
0.956539809704
0.970100402832
0.981275379658
0.967047095299
0.969495713711
0.97300362587
0.925793349743
0.964511156082
0.971755027771
0.971587002277
0.978874981403
0.975823044777
0.98184299469
0.957873940468
0.981605350971
0.97741484642
0.968407332897
0.945225596428
0.97848790884
0.97784280777
0.962257385254
0.973065137863
0.97661459446
0.969355940819
0.981668591499
0.979589521885
0.976800084114
0.977982580662
0.983165204525
0.968732535839
0.986330270767
0.95922523737
0.980074167252
0.964716136456
0.976456046104
0.972751379013
0.948774456978
0.976424753666
0.972673654556
0.984679818153
0.979278206825
0.969575762749
0.982788145542