0.590370
0.611686
0.554889
0.586711
0.553231
0.581585
0.575165
0.609977
0.596785
0.583653
0.586114
0.594492
0.610049
0.554279
0.566273
0.518325
0.606090
0.559130
0.534236
0.575338
0.572858
0.576996
0.572830
0.572710
0.636149
0.522496
0.573385
0.590201
0.587926
0.554888
0.589898
0.549945
0.542439
0.574868
0.557086
0.623421
0.593127
0.602298
0.632068
0.574296
0.592900
0.608750
0.589933
0.603820
0.572267
0.563258
0.583726
0.613070
0.552931
0.570956
0.583364
0.582985
0.561863
0.587649
0.571587
0.568949
0.550686
0.571117
0.611610
0.593601
0.577326
0.592607
0.629902
0.576554
0.577390
0.577575
0.598320
0.586262
0.576758
0.571312
0.555262
0.576416
0.581102
0.569439
0.570141
0.572160
0.526940
0.584716
0.570367
0.567783
0.590607
0.526043
0.614049
0.597172
0.587246
0.590673
0.615259
0.495822
0.574845
0.509141
0.569803
0.594876
0.630748
0.588220
0.546140
0.595352
0.585853
0.599837
0.588325
0.581450
0.597516
0.565149
0.622525
0.559060
0.600017
0.551491
0.607051
0.617956
0.573783
0.579001
0.599063
0.589854
0.607357
0.573975
0.584071
0.570457
0.588767
0.570463
0.567954
0.586385
0.580215
0.603713
0.592183
0.584366
0.588624
0.581290
0.568753
0.572449
