-0.076967
-0.156107
-0.349632
-0.121160
-0.626460
-0.046158
-0.088114
-0.133930
0.572630
-0.027034
-0.053541
-0.093928
-0.018807
-0.047430
-0.197176
0.037983
-0.145490
-0.141452
0.000796
-0.149070
-0.255863
0.004056
-0.096492
-0.174266
0.101289
-0.279237
-0.055513
-0.399925
-0.071923
-0.082957
0.359405
-0.093448
-0.231717
0.084319
0.174015
-0.158836
0.228958
-0.443471
0.060977
-0.194362
-0.074246
-0.187431
-0.008228
-0.244090
0.021489
-0.173914
-0.029753
-0.050002
0.012053
0.307824
0.408374
-0.311231
0.072335
-0.233335
0.010896
-0.139339
-0.016800
-0.096107
0.086750
-0.173733
-0.094949
-0.159181
0.135704
-0.203236
0.065345
-0.272510
-0.019438
-0.047331
0.063175
-0.200963
-0.203756
0.026578
-0.128897
-0.164972
-0.106191
-0.094647
-0.036071
-0.280154
0.000659
-0.057818
-0.029669
-0.113390
0.108628
-0.212541
-0.024111
-0.126624
-0.290121
-0.020727
0.002410
-0.063843
-0.169863
-0.098862
-0.037038
-0.213146
0.209441
-0.194888
0.083367
-0.212157
0.285580
0.127658
0.464612
0.603675
-0.009219
-0.077774
-0.356249
0.614791
-0.084346
-0.138954
0.188847
-0.232594
-0.359520
-0.062665
0.239110
-0.115860
-0.057731
-0.062835
-0.162857
0.027310
-0.177055
-0.065062
0.005740
-0.146775
-0.121105
-0.140186
0.337712
0.052474
-0.064515
-0.216242
0.037648
-0.069361
0.039041
-0.338144
-0.020830
-0.155551
-0.050554
-0.139805
0.005851
-0.250036
-0.204665
-0.192821
-0.054529
-0.392085
-0.277785
0.087004
-0.016379
-0.087198
0.006851
-0.308172
-0.016342
-0.054375
-0.010539
-0.046606
0.218173
-0.357515
-0.219488
0.071536
-0.372535
0.127814
0.093463
-0.187348
-0.125546
-0.174974
-0.520760
-0.342743
0.315718
-0.080694
0.008326
-0.184295
-0.073402
-0.150624
0.044374
-0.155923
0.120542
-0.231435
0.669684
0.047726
-0.214452
-0.072018
0.061211
-0.525243
-0.012249
-0.057734
-0.123313
-0.135831
-0.158688
0.192002
-0.132906
-0.085918
-0.162053
0.441955
0.124394
-0.130308
-0.039526
-0.156259
0.366668
-0.087917
-0.057482
-0.111572
-0.036525
-0.244244
-0.195988
0.031708
-0.041195
-0.208219
0.215776
-0.178031
0.343731
0.077837
-0.136918
-0.103956
0.106942
-0.159566
-0.150177
0.012539
0.261827
-0.232541
-0.009995
-0.092086
-0.026006
-0.055050
0.008005
-0.169770
-0.116407
-0.146399
-0.131636
-0.089944
0.003552
-0.084541
-0.051660
-0.067902
0.039190
-0.171889
-0.029053
-0.178271
-0.042030
-0.061764
-0.070019
-0.232440
-0.313715
-0.012985
0.068781
-0.180412
-0.166593
0.010248
-0.080215
-0.168020
0.014428
-0.121573
0.364157
0.046492
0.001859
-0.091278
-0.068936
-0.196986
-0.007892
-0.055085
