0.580963
0.593913
0.582710
0.586230
0.600406
0.598050
0.579490
0.595257
0.596273
0.587762
0.597357
0.560548
0.597915
0.590357
0.588301
0.591611
0.588731
0.592679
0.575974
0.590513
0.585883
0.588987
0.586893
0.603973
0.584206
0.586974
0.590058
0.584632
0.596759
0.602793
0.595022
0.587984
0.582556
0.586420
0.587806
0.597880
0.583640
0.579265
0.584196
0.586617
0.587407
0.582040
0.597940
0.598141
0.578903
0.593616
0.590156
0.585821
0.539602
0.563429
0.593288
0.581611
0.592492
0.572133
0.597187
0.591974
0.586994
0.601610
0.583508
0.593807
0.593422
0.582529
0.590913
0.596876
0.581427
0.543450
0.583674
0.576944
0.595399
0.580652
0.582490
0.583746
0.600005
0.596562
0.578205
0.588547
0.602449
0.548082
0.576026
0.584338
0.567948
0.597327
0.590135
0.592482
0.582533
0.579572
0.577429
0.543664
0.589256
0.603657
0.590314
0.600189
0.591267
0.585578
0.591780
0.587516
0.593914
0.524957
0.584489
0.572029
0.582776
0.593094
0.580760
0.600403
0.585666
0.599513
0.578457
0.590723
0.588975
0.562624
0.565428
0.592132
0.597830
0.544238
0.594462
0.594822
0.600102
0.567750
0.596343
0.599375
0.573300
0.585692
0.596128
0.576000
0.549185
0.565737
0.593165
0.596812
