0.568371
0.586370
0.558172
0.586350
0.574846
0.577490
0.558410
0.578306
0.565509
0.564380
0.603229
0.619144
0.590584
0.549967
0.565258
0.622612
0.560260
0.530861
0.559556
0.552639
0.582515
0.593531
0.580499
0.537816
0.594220
0.570291
0.550019
0.554064
0.587798
0.572570
0.583601
0.578639
0.612774
0.553297
0.546776
0.546416
0.558876
0.575797
0.528414
0.591544
0.597750
0.523994
0.546749
0.551722
0.587854
0.579198
0.610295
0.556563
0.564900
0.582020
0.547714
0.584611
0.522332
0.578065
0.615209
0.584950
0.619822
0.611157
0.557769
0.535720
0.573984
0.545008
0.571407
0.571998
0.595647
0.587862
0.602010
0.571178
0.581935
0.579840
0.551176
0.536435
0.541120
0.575554
0.602412
0.703536
0.574818
0.581183
0.574236
0.557000
0.570169
0.573731
0.558514
0.579650
0.568645
0.573401
0.559953
0.534910
0.579848
0.549497
0.532268
0.586996
0.587267
0.531730
0.655286
0.543928
0.544330
0.555533
0.554922
0.547331
0.746074
0.566716
0.587692
0.559386
0.545698
0.566550
0.580422
0.537679
0.565117
0.576649
0.535196
0.552002
0.685121
0.676094
0.538637
0.574791
0.548628
0.591619
0.559729
0.566031
0.600575
0.561912
0.586051
0.568166
0.590878
0.577525
0.593927
0.561697
0.554790
0.531105
0.578465
0.577213
0.581540
0.561623
0.595690
0.541531
0.681882
0.555208
0.572893
0.711725
0.535836
0.579275
0.585269
0.569416
0.529790
0.601464
0.598304
0.540300
0.585162
0.544341
0.580370
0.567726
0.552096
0.574266
0.538271
0.592732
0.584326
0.555430
0.581075
0.551883
0.595728
0.625524
0.607328
0.542683
0.541539
0.546986
0.559353
0.581163
0.688882
0.562744
0.625308
0.581180
0.559223
0.591298
0.622232
0.557213
0.579867
0.545021
0.542614
0.600455
0.575418
0.597852
0.560935
0.590473
0.563254
0.554503
0.562498
0.540677
0.538095
0.568885
0.571931
0.553670
0.674161
0.537376
0.535779
0.634637
0.537409
0.660585
0.545319
0.548953
0.558047
0.567215
0.587174
0.555055
0.576991
0.559005
0.560487
0.521583
0.591560
0.547902
0.569323
0.565153
0.534300
0.601462
0.541714
0.557827
0.567433
0.604106
0.557311
0.590984
0.572020
0.586947
0.583273
0.555851
0.528263
0.557392
0.570738
0.569813
0.557323
0.531271
0.569506
0.570149
0.584034
0.578773
0.540576
0.587014
0.516246
0.545123
0.583706
0.621368
0.584781
0.583694
0.605961
0.565430
0.534872
0.549594
0.579958
0.584025
0.547990
0.606206
0.556768
0.594932
0.575024
0.643790
0.524632
0.544490
